$ 1 0.000005 10.20027730826997 50 5 50 5e-11
409 560 256 704 256 1 0.6 0 0.023100000000000002 2
r 560 176 704 176 0 10000
w 560 176 560 208 0
r 560 208 448 208 0 470000
w 560 240 560 208 0
w 704 176 704 256 0
O 768 256 768 304 0 0
v 272 272 272 208 0 1 100 4 0 0 0.5
g 272 272 272 304 0 0
w 272 208 448 208 0
R 624 224 624 208 0 0 40 5 0 0 0.5
R 384 240 368 240 0 0 40 3.3 0 0 0.5
r 384 240 448 240 0 1000
r 448 240 448 288 0 1000
g 448 288 448 304 0 0
w 560 272 448 240 0
g 624 288 624 304 0 0
r 768 256 704 256 0 10000
409 944 256 832 256 1 0.6 -4.957378186061892 0.0231 0
d 768 256 832 256 2 default
g 896 288 896 304 0 0
R 896 224 896 208 0 0 40 5 0 0 0.5
R 944 272 960 272 0 0 40 3.3 0 0 0.5
w 944 240 944 192 0
w 944 192 768 192 0
w 768 192 768 256 0
x 793 225 843 228 4 24 OVP
x 372 174 546 177 4 24 divide\sand\soffset
o 7 64 0 4099 20 0.00009765625 0 2 7 3
o 6 64 0 x81012 6.3681577917985095 0.0001 1 1 0.5 -88
38 7 F1 0 0 40 -1 Max\sVoltage
